5.46522e-16 0 397 108
1.46282e-16 3.31154e-15 1259 141
2.29785e-16 5.98345e-16 1448 227
1.61734e-15 1.65639e-15 1594 101
3.95158e-15 3.62737e-16 1912 682
4.90052e-15 1.74035e-15 2472 139
3.11784e-15 9.59391e-15 2485 249
1.91825e-15 6.16168e-15 2483 187
1.58441e-14 3.44667e-15 3009 299
1.18959e-16 2.68043e-15 2548 875
1.85901e-14 1.89419e-15 2039 187
5.05732e-15 5.75456e-15 579 60
6.06105e-14 2.04995e-14 3820 210
4.66731e-15 4.39357e-15 1369 355
3.6216e-15 2.38819e-16 2734 109
1.31499e-14 6.40973e-15 4199 328
2.45566e-15 6.29632e-15 4981 159
6.5753e-16 1.06033e-14 844 39
1.78643e-16 5.93611e-15 2017 256
3.95819e-15 1.42445e-15 5378 367
5.24203e-16 3.28361e-15 6022 213
1.88356e-16 1.17631e-14 2148 107
7.66198e-16 7.77693e-15 2453 457
6.40158e-15 1.08329e-14 6468 433
2.69558e-15 5.41409e-14 3952 234
3.70053e-16 2.55896e-14 5307 234
5.57711e-15 8.43213e-15 4537 116
1.90312e-14 2.07465e-14 3354 53
6.08835e-15 2.05775e-15 3111 251
6.43354e-15 1.07497e-15 2560 173
8.76414e-15 6.53064e-15 1592 143
1.36353e-16 4.16302e-15 3257 343
5.20596e-14 2.19518e-15 1019 156
4.05998e-15 1.47666e-15 3292 356
1.34281e-15 5.85286e-16 2367 335
1.12611e-14 1.13992e-14 2589 888
3.8554e-16 1.22754e-15 2776 231
6.41799e-15 2.30528e-14 3518 766
3.77918e-15 2.30462e-15 1252 973
4.21274e-15 1.86275e-14 4739 66
4.43057e-15 1.31245e-15 10077 220
5.71855e-16 5.67387e-15 3114 433
1.92153e-14 8.79667e-15 6386 228
5.24773e-16 2.35096e-14 3340 159
7.03786e-15 3.91852e-16 1769 950
0 8.80827e-14 1194 35
4.32598e-16 2.88852e-15 1607 88
8.11219e-15 1.28805e-15 2788 573
2.00797e-15 0 1334 119
1.19276e-15 7.43171e-15 1593 297
1.20186e-14 4.48631e-15 4430 143
4.23635e-15 3.15527e-15 980 24
1.77715e-15 1.03914e-15 3433 148
1.06006e-14 1.74979e-15 2372 54
4.25505e-15 4.00419e-15 4590 259
5.30225e-15 2.63234e-16 2770 165
1.25236e-15 2.97431e-15 1270 274
1.70817e-14 5.61745e-15 2800 61
1.29986e-16 3.75288e-16 2410 73
1.17597e-15 1.13904e-14 3592 465
1.91784e-14 4.62564e-15 557 361
1.37864e-14 4.42095e-14 7474 221
2.1817e-15 1.60153e-14 3922 165
2.29064e-15 2.35847e-15 3170 171
1.87859e-15 4.83193e-15 1965 137
0 2.78288e-15 1387 113
3.65509e-15 3.43848e-14 1208 234
2.75866e-15 3.87373e-15 882 235
6.12509e-15 2.18159e-14 3198 133
9.20352e-16 8.82628e-15 2822 106
2.53814e-16 5.75887e-16 739 110
5.71818e-15 1.88223e-15 1985 380
3.0202e-15 1.45381e-15 3900 264
3.54131e-15 4.08657e-14 6958 257
1.15594e-15 3.51007e-15 1891 194
3.482e-16 6.14564e-16 5372 250
4.48171e-15 6.32471e-15 3571 472
1.76078e-14 3.7509e-14 5437 299
1.01363e-14 9.14448e-14 3035 352
5.65724e-15 0 1420 699
2.4095e-15 3.02836e-15 2709 299
8.08156e-14 3.5778e-15 5289 135
4.84258e-15 9.63537e-15 3022 186
2.72937e-15 4.51417e-15 3634 170
7.01998e-15 1.65179e-15 8037 369
5.26585e-16 1.00787e-14 4998 361
2.07444e-16 1.36042e-15 750 42
6.20822e-16 4.70365e-16 3467 70
0 5.14105e-15 7044 262
1.15073e-15 1.23444e-15 1807 124
3.52655e-15 9.17565e-15 1867 522
1.00521e-15 2.55541e-15 5588 146
2.76512e-15 5.0602e-16 2449 203
2.14557e-15 4.73476e-16 809 44
8.2041e-14 2.38767e-15 8586 107
7.61134e-15 1.40383e-15 943 204
4.56891e-14 4.62912e-15 1309 198
3.05384e-15 1.20929e-14 7877 58
1.56009e-16 4.52841e-15 1426 58
9.68021e-15 4.75752e-15 2049 230
